10001,0
10003,5500
10007,0
10025,0
10034,0
10039,15790
10040,0
10059,0
10061,0
10064,0
10068,0
10077,57154
10079,0
10081,0
10105,0
10110,0
10114,0
10128,19565
10131,0
10138,11800
10139,0
10140,0
10141,0
10142,72308
10143,0
10147,0
10177,0
10180,14516
10194,24000
10197,10000
10204,0
10206,32000
10213,0
10215,0
10217,0
10219,18857
10227,0
10229,0
10232,0
10234,0
10237,0
10238,0
10249,0
10256,14580
10578,0
10602,39831
10603,0
10614,0
10627,0
10644,0
10653,0
10674,10783
10682,0
10684,0
10687,33214
10693,40000
10696,35604
10699,23736
10707,120135
10716,0
10717,55904
10719,0
10720,19590
10728,0
10730,0
10740,15000
10749,0
10778,0
10780,0
10792,0
10814,0
10857,0
10867,24858
10874,0
10891,0
10906,0
10911,0
10916,14000
10919,0
10945,17647
10946,17647
10948,17647
10959,30000
10968,15000
10969,42000
10975,20000
10976,0
10981,0
10982,15000
11005,20517
11014,0
11019,20500
11038,188429
11043,60000
11063,0
11078,25000
11079,0
11085,3000
11094,0
11104,50647
11123,24193
11135,57117
11147,0
11157,0
11159,0
11168,0
11213,0
11221,0
11235,0
11256,0
11282,25945
11283,0
11284,0
11300,0
11309,0
11317,0
11324,0
11333,20000
11339,55569
11381,10597
11416,0
11422,16071
11465,0
11477,0
11480,20000
11520,0
11564,0
11566,15000
11567,0
11583,22240
11586,0
11592,0
11608,0
11609,0
11610,0
11615,0
11626,150386
11653,0
11659,0
11661,0
11703,28571
11708,0
11716,22629
11725,57143
11744,0
11747,24291
11748,3100
11756,0
11828,0
11833,0
11842,15096
11847,0
11867,0
11872,0
11882,0
11884,0
11908,0
11918,0
11929,0
11940,0
11954,0
11958,0
12015,0
12019,15000
12026,0
12030,0
12039,0
12041,0
12042,0
12043,0
12045,0
12046,26087
12056,0
12068,0
12073,108702
12077,12000
12084,0
12088,0
12089,0
12092,0
12108,32851
12122,0
12144,16444
12148,21147
12172,0
12245,0
12251,15001
12274,0
12291,2366
12303,77857
12311,0
12328,221
12329,0
12336,0
12344,0
12356,0
12369,0
12410,0
12417,0
12442,0
12483,0
12500,17342
12511,0
12523,0
12541,0
12571,0
12607,0
12641,0
12664,0
12679,0
12716,0
12721,60622
12739,0
12762,15000
12771,3820
12772,4300
12775,4412
12776,3466
12779,2036
12792,0
12814,0
12815,0
12871,0
12878,0
12899,0
12900,29400
12921,19650
12951,0
12979,0
12983,0
13004,0
13035,19200
13060,0
13061,10000
13101,0
13113,18750
13140,0
13148,0
13170,0
13182,97992
13185,6267
13189,0
13203,0
13217,0
13218,0
13225,10714
13231,0
13242,0
13243,0
13252,0
13263,0
13279,0
13280,12600
13282,0
13284,0
13285,0
13287,0
13289,0
13295,14143
13300,0
13304,0
13307,0
13379,0
13383,0
13393,57904
13405,0
13407,0
13409,0
13411,14516
13455,0
13463,0
13468,0
13477,0
13480,18000
13501,0
13515,0
13519,20000
13520,0
13564,0
13591,25974
13619,0
13631,0
13635,17745
13668,22588
13674,0
13745,24926
13746,0
13755,0
13770,0
13773,0
13775,21428
13820,0
13836,0
13849,0
13883,14259
13943,12000
13953,6370
13991,0
18137412,0
18146941,0
18156067,12500
18156125,0
18171928,0
18211384,0
18226578,0
18236301,0
18238721,0
18244615,38710
18252564,4400
18257765,10751
18284385,0
18287095,0
18292672,0
18292683,38870
18304317,34252
18305801,0
18310167,0
18310169,0
18310175,0
18310180,0
18315278,28800
18315281,6161
18315296,0
18315308,0
18315732,22114
18326460,20927
18326480,0
18326493,4231
18332453,0
18335269,0
18335280,19286
18335285,0
18341529,0
18341533,0
18349080,0
18349085,52481
18349086,0
18349101,24000
18349108,0
18349110,27000
18349989,0
18349990,0
18349992,0
18350010,9310
18350016,199676
18350025,15546
18355906,7371
18361153,0
18361166,0
18361172,0
18361173,0
18361176,77518
18361183,71491
18363204,18034
18372075,0
18372114,27967
18379378,0
18383071,0
18383078,0
18385824,0
18385843,0
18386063,19355
18392625,0
18392636,19565
18392660,0
18393517,9677
18399327,24117
18399490,15000
18401564,0
18401576,0
18401587,6113
18401592,16000
18401597,25000
18413759,62579
18413780,0
18419478,15000
18419555,31154
18422328,0
18422360,0
18422366,25000
18422369,0
18422374,36000
18423171,0
18425264,0
18425274,0
18425279,0
18425299,0
18425303,12857
18429362,40346
18430407,10714
18432295,41883
18435985,0
18436804,0
18441468,0
18441483,16667
18441502,0
18441511,0
18445676,0
18445696,0
18445710,0
18450459,0
18450466,12000
18450488,58034
18456778,0
18457702,0
18457706,0
18457708,26003
18457728,0
18461817,0
18461825,20000
18461851,27437
18465887,0
18466662,0
18470665,0
18470699,0
18470711,0
18473491,21511
18475526,0
18478920,0
18478928,0
18482138,0
18482151,0
18482161,12413
18490395,2500
18490405,0
18490414,10760
18490430,17250
18494566,0
18494577,11000
18502359,0
18502363,0
18505919,0
18507155,0
18510188,0
18511003,0
18512038,0
18517844,0
18519327,0
18519399,0
18519427,0
18519430,14211
18519600,0
18519842,30000
18520305,90000
18527684,0
18527756,0
18528818,0
18528945,0
18529295,17647
18533531,0
18533562,0
18533574,0
18533954,0
18535934,26660
18536572,25716
18537324,0
18537720,0
18538239,0
18538901,0
18539923,0
18540187,58365
18540756,0
18542724,25000
18542960,0
18543936,0
18543946,0
18544007,24000
18545974,0
18545999,24800
18546263,0
18549412,21429
18550482,0
18552382,0
18552793,25637
18552811,0
18553159,0
18554902,0
18555041,0
18557503,0
18557616,15000
18561828,0
18562247,67141
18562250,0
18562318,0
18562923,0
18564420,25000
18565584,0
18565613,0
18565890,0
18566049,0
18566632,1645
18566874,56993
18567367,0
18567990,0
18568272,16072
18569092,0
18569120,0
18569767,0
18570704,37290
18573073,8502
18574349,0
18575099,0
18575811,0
18575827,0
18575899,0
18577919,0
18578796,32169
18578982,0
18580119,0
18580220,0
18580252,0
18580493,0
18582027,0
18582516,12556
18582988,0
18585720,0
18586163,21883
18586860,28845
18588551,0
18589108,0
18591288,0
18591637,14516
18595330,0
18596000,0
18597704,0
18599114,26611
18599553,11111
18600724,17892
18603648,0
18606996,16242
18607171,0
18607334,0
18607734,0
18607737,0
18611545,12171
18611549,0
18612223,9000
18615320,0
18615572,0
18618244,32631
18619582,14808
18621286,0
18621917,17143
18622508,0
18623389,0
18624743,38889
18624825,44194
18624867,17560
18624894,15000
18628678,28000
18629247,54455
18630526,0
18631836,0
18632186,16071
18632699,13242
18633956,0
18635948,0
18635993,0
18639166,10324
18641731,0
18642363,15316
18643230,0
18644072,0
18644297,0
18646511,13500
18647376,0
18653288,0
18655489,84940
18656912,0
18657560,0
18658591,10019
18658840,56470
18661242,0
18661262,19333
18662470,3010
18663919,0
18664124,0
18664413,0
18664424,0
18665782,4421
18667508,0
18668001,0
18668084,0
18668490,0
18668988,353
18670523,0
18670830,75505
18671303,0
18672812,0
18673500,41883
18673986,20000
18674295,0
18674782,0
18675133,845
18675199,30000
18675730,29032
18677276,0
18678400,19074
18679480,0
18680690,15000
18681495,0
18682713,0
18682746,0
18683898,0
18685314,0
18685371,0
18687112,6643
18687187,149914
18687461,11111
18687494,0
18688271,0
18689384,0
18690794,0
18691651,0
18693342,24375
18693469,0
18695092,0
18695189,0
18697967,144667
18701882,0
18702368,0
18703483,0
18703540,0
18704098,0
18704704,0
18706060,0
18707272,0
18711987,0
18711993,0
18714372,25000
18714748,0
18714839,10072
18715629,0
18716209,0
18716454,0
18718958,0
18719837,0
18720355,7786
18721569,17061
18724152,0
18724918,0
18725569,3321
18725671,0
18727410,0
18727479,0
18728240,0
18728813,10345
18728832,10345
18729416,0
18730256,30883
18731914,18857
18734738,0
18735851,32169
18735936,0
18736221,0
18737650,0
18737883,0
18739647,0
18740139,50056
18742306,0
18742418,0
18743682,0
18746987,23759
18747460,10094
18747962,0
18748115,59490
18749303,0
18749654,0
18749852,55905
18749966,1000
18750614,0
18750655,54388
18753258,0
18754908,0
18755542,0
18756652,0
18757144,0
18762245,0
18763114,0
18763227,0
18763267,43641
18763416,169160
18763500,16071
18763994,0
18765655,0
18766613,0
18770152,0
18778058,0
18779708,26100
18780421,14857
18784093,15000
18784369,0
18784852,0
18784864,0
18788027,0
18791186,21667
18791582,0
18794035,0
18794275,0
18794855,0
18795050,0
18795402,0
18798869,0
18799335,8572
18800764,0
18800848,24490
18800894,0
18802487,0
18803299,0
18806759,4839
18806806,0
18808129,0
18808441,6643
18809196,0
18812136,12857
18812996,0
18813130,0
18816232,0
18817992,0
18818519,0
18819458,9678
18820929,12000
18821000,0
18821942,8000
18822306,0
18822380,0
18825011,600
18851469,9214
18854176,0
18862404,0
18865610,17308
18865836,0
18866130,0
18866695,21290
18866927,0
18866933,0
18869156,21055
18877504,0
18877505,20000
18878638,0
18879865,0
18880562,0
18881676,0
18884150,0
18886852,0
18888640,0
18888915,0
18890430,24861
18890472,0
18892409,4231
18892652,0
18892712,0
18896674,0
18896722,6643
18896831,8400
18897182,16667
18900625,35000
18902184,0
18921683,0
18921761,0
18922876,0
18923551,0
18924845,0
18924981,0
18926922,0
18928484,0
18929473,0
18930464,0
18933248,32143
18933852,0
18934448,9678
18937425,0
18937554,25000
18941291,2417
18941501,0
18945565,0
18946394,35000
18946457,26786
18946539,14785
18949189,0
18949223,26894
18951231,0
18953591,11112
18963098,31074
18963220,0
18963884,0
18965240,0
18965256,20068
18965750,0
18968088,0
18969608,181903
18974350,31050
18974857,0
18976590,0
18976592,0
18976986,0
18978025,0
18980332,0
18981017,0
18981531,0
18981728,0
18982463,0
18983145,0
18985131,0
18988261,0
18988548,0
18991002,0
18995016,0
18996567,0
18999955,0
18999976,15707
19001911,34310
19002799,0
19003134,0
19004747,69057
19005083,10000
19006840,0
19007152,21428
19007231,7062
19010068,0
19011219,10714
19011224,0
19011280,0
19016510,0
19018381,0
19018632,0
19019525,0
19019556,0
19025578,0
19026068,5000
19026216,0
19026687,0
19026766,21428
19026906,0
19027591,24193
19028469,0
19031238,9273
19031554,14406
19033605,0
19036449,0
19039960,0
19041939,0
19042629,8000
19048536,0
19053052,136241
19053139,15000
19053230,1550
19054722,0
19055702,0
19059897,18000
19062072,0
19063441,11602
19063442,21600
19065218,13043
19065442,0
19065489,24586
19068869,37297
19071064,0
19071239,0
19071336,42857
19072814,0
19072837,0
19074224,25000
19076109,25449
19076767,0
19077967,0
19078166,0
19080099,0
19080931,0
19083550,0
19085103,0
19086570,0
19086596,90135
19088267,0
19089426,8260
19089871,0
19091921,269520
19093168,33000
19093352,0
19095201,15659
19097447,0
19097520,0
19098849,0
19098915,18333
19100361,54249
19100582,0
19102353,0
19106572,36304
19108920,0
19110796,0
19111789,39333
19111915,0
19112016,0
19114820,0
19115350,0
19117843,0
19119931,26782
19121406,0
19122112,11
19122787,10543
19123430,22364
19133904,0
19136632,16416
19136641,6643
19137159,19565
19137175,0
19137178,27778
19137817,0
19140294,0
19141254,8968
19141265,10333
19141348,9865
19142831,0
19143138,16667
19146749,23077
19146959,0
19147315,0
19149119,0
19149608,0
19150294,0
19151403,20000
19153002,15038
19153621,1846
19155492,0
19155886,0
19157113,15000
19159078,0
19160509,0
19162806,0
19164033,0
19166460,10000
19166801,0
19167808,6622
19167852,0
19168563,15000
19168660,0
19168835,161
19169009,0
19169914,207
19170043,0
19170887,107
19173093,0
19174166,2657
19174675,0
19177689,0
19178151,28126
19178184,21429
19179028,0
19180513,15000
19180580,81333
19180733,0
19182636,0
19182653,0
19184113,0
19184745,0
19185079,0
19185837,50000
19187317,0
19187324,0
19187713,0
19187764,68652
19187931,0
19188892,0
19189925,0
19190752,10961
19195746,0
19196467,0
19197751,0
19201069,0
19201183,0
19201853,0
19202534,0
19202652,0
19202711,0
19204582,0
19205623,0
19205952,0
19206331,0
19207266,0
19207953,0
19209057,0
19210379,0
19210795,0
19211040,31260
19211841,100100
19212675,0
19212742,63158
19212755,61298
19212761,0
19213059,31
19213325,0
19214723,0
19214753,0
19216900,0
19217004,10000
19217014,0
19218403,7000
19218470,33028
19218639,0
19221421,0
19222739,0
19223211,22857
19224992,0
19226100,0
19226452,0
19227143,0
19227472,0
19229120,32375
19229584,0
19231265,19446
19231508,0
19236118,0
19236206,0
19236747,0
19242206,0
19242585,6643
19242692,6643
19242767,0
19243962,0
19244530,0
19244612,0
19245131,29032
19245142,30000
19246773,0
19247308,0
19247327,0
19247329,0
19247464,0
19247468,21428
19247638,0
19247657,0
19247661,0
19247783,0
19249020,0
19249418,3263
19249674,30691
19253372,233128
19255626,0
19255852,0
19255935,0
19256811,0
19257239,0
19257738,0
19261234,5
19261276,1
19261287,1
19262424,5000
19262935,0
19263175,14516
19263755,33505
19264017,0
19264559,14743
19266333,0
19266643,25200
19267154,64840
19267194,0
19267209,6060
19272275,3429
19272309,0
19272420,0
19272882,0
19273146,0
19273387,0
19274832,18000
19275943,0
19276071,0
19276276,0
19276543,0
19276617,18461
19277109,0
19277688,0
19278081,19413
19278679,7000
19278684,0
19278893,15600
19279488,0
19279568,0
19280757,35736
19280798,2
19280851,2
19280947,16769
19281001,3
19282565,0
19284451,0
19284481,27778
19285430,0
19285497,0
19287018,25385
19287259,0
19287484,0
19287601,14400
19288514,17647
19291792,15000
19292708,3
19293542,6429
19293616,4285
19293621,16286
19293740,0
19293801,12000
19295101,0
19295893,10000
19296003,0
19296009,0
19296018,0
19296610,31883
19296616,0
19296685,12458
19297817,0
19298027,18000
19298249,20000
19300283,54402
19301027,0
19302435,0
19303650,15000
19304818,0
19306650,6643
19307015,0
19307239,0
19307469,18633
19307523,92376
19307561,0
19307628,12857
19308697,0
19308709,0
19309173,14423
19310190,35789
19311252,28236
19311374,16757
19312357,0
19313234,0
19313875,0
19316307,0
19316561,3429
19318162,0
19318395,0
19318754,0
19319709,0
19320304,21429
19320714,0
19321392,0
19321966,0
19322947,0
19322971,0
19323669,27000
19324555,0
19324560,0
19325113,0
19325611,4500
19325731,13850
19325952,13668
19326111,15000
19326848,0
19326952,0
19327479,0
19331433,15356
19331701,0
19332929,20000
19333459,13200
19334335,15664
19334478,0
19334729,0
19336010,53413
19336893,0
19337871,0
19337901,6643
19338341,0
19338624,0
19339153,92376
19340272,0
19343509,0
19344167,0
19344444,8571
19344833,0
19344962,54500
19345185,20307
19345253,35453
19347475,0
19347653,20000
19348056,0
19351775,0
19351865,0
19353049,8500
19353184,0
19354172,22363
19354577,0
19355324,13846
19355828,0
19356001,0
19357256,0
19360329,0
19363422,12449
19370623,0
19370796,0
19371174,0
19371799,0
19376196,1638
19383133,0
19388111,26898
19395310,0
19397016,0
19402860,0
19406938,0
19408923,6000
19409392,0
19410233,23438
19410818,0
19414496,0
19415201,0
19415491,0
19415582,0
19416490,0
19417414,0
19417433,21429
19419198,0
19419793,1
19420309,0
19420654,0
19421235,7
19421302,2
19421304,1
19421470,1
19421558,0
19423280,21840
19424111,21480
19424877,0
19424954,31429
19426373,8785
19426570,0
19427975,0
19430498,29324
19430502,29337
19430514,30714
19430631,21000
19431256,0
19432211,0
19432377,0
19434274,0
19434748,70097
19434916,0
19435261,0
19435272,10000
19436170,0
19436276,0
19438820,0
19439028,0
19440124,0
19441060,0
19441364,0
19441683,30068
19443086,0
19443488,2903
19446545,0
19446547,0
19449521,103449
19449859,35801
19450320,3
19450325,6
19450661,0
19451047,2
19451051,0
19453118,0
19453609,10000
19453655,0
19453707,10000
19453720,6000
19454633,4286
19454647,0
19457756,0
19458955,24629
19459459,22351
19459462,3
19459464,27942
19459536,4
19459772,14516
19460423,10
19460426,1
19460428,22348
19460430,0
19460453,0
19460529,0
19461368,0
19465175,0
19468114,0
19468701,0
19471276,17571
19471284,0
19472181,0
19472195,29029
19473580,0
19474296,3741
19474308,31255
19474373,1294
19474377,865
19474386,444
19474418,9147
19475339,5989
19475344,8807
19475349,0
19477587,0
19478028,0
19480609,0
19482438,0
19482755,0
19482820,0
19484380,0
19484769,0
19485489,0
19487575,10253
19489230,10000
19489468,0
19490149,0
19492127,0
19492840,0
19493083,0
19493085,0
19493403,0
19494277,0
19494311,0
19494562,0
19497634,19355
19498352,0
19498420,0
19499087,0
19499110,10371
19500341,0
19501131,0
19504064,0
19504627,0
19504698,5000
19504970,0
19505476,17333
19507121,0
19508743,0
19509323,5978
19512599,8710
19512954,0
19513403,0
19513615,0
19514768,0
19520958,0
19520968,16757
19521096,2
19521143,0
19521725,0
19521857,0
19522089,0
19524090,10000
19524101,10000
19524934,6563
19525847,10000
19527135,0
19527242,0
19527362,32566
19528708,0
19529382,11759
19530323,243473
19530974,0
19531194,18571
19531417,0
19532216,0
19532261,0
19532271,0
19532580,0
19532736,0
19535559,0
19535786,0
19538315,3257
19539138,0
19539395,74291
19539987,0
19541487,0
19541624,0
19542305,35794
19543100,0
19545230,0
19545753,0
19546931,0
19548413,0
19551168,0
19551178,0
19551315,0
19551974,6643
19551977,6643
19554539,6643
19554542,23637
19554597,0
19555232,0
19555655,4839
19557134,0
19559509,0
19560470,0
19560860,0
19560861,0
19560870,0
19560876,0
19561105,0
19561664,0
19563043,0
19564023,0
19564978,16733
19564996,14285
19565310,0
19570188,0
19571196,3691
19572106,0
19572536,18000
19572738,0
19572914,28886
19572943,5357
19573712,0
19574216,21429
19575172,20000
19577093,10000
19577730,12293
19577926,0
19577973,0
19578868,0
19581103,10000
19581890,22159
19584104,0
19584263,0
19584355,0
19584619,0
19585076,0
19585495,0
19585792,22222
19588511,7543
19588817,25000
19589853,0
19590470,10715
19590803,0
19594523,0
19595660,0
19595979,0
19596763,21428
19598683,0
19599598,0
19600227,10000
19600869,48214
19602011,0
19602304,15323
19602437,0
19602568,0
19603253,28571
19603647,38432
19604114,0
19604603,0
19604733,0
19604872,11640
19605031,12960
19605525,0
19606940,0
19607027,0
19608142,0
19608528,22222
19610476,0
19610622,933
19610630,0
19612184,17217
19614557,0
19615621,0
19616370,0
19616467,4822
19616544,13594
19616770,0
19617969,0
19618865,0
19619522,18000
19619691,0
19622048,19654
19623157,0
19623596,157493
19623749,4
19623784,0
19623789,29032
19623971,0
19624124,0
19624786,9678
19624792,0
19625059,6643
19626284,4500
19626800,0
19627212,0
19627835,0
19628324,0
19630811,7030
19630894,27373
19630962,23684
19631218,0
19632008,0
19633077,0
19633397,0
19633838,0
19634849,0
19635333,5571
19637498,0
19637791,90000
19638340,0
19638539,0
19639453,0
19640334,2104
19641921,0
19641993,12000
19642005,11112
19643150,0
19643812,9678
19643846,6643
19643871,6643
19644031,22346
19644271,0
19645519,0
19645799,0
19647655,0
19648073,36429
19649131,0
19650098,0
19650593,0
19651839,0
19653008,0
19653026,14516
19653600,19136
19653898,0
19654021,0
19654519,0
19654757,6643
19655089,0
19655528,6643
19655918,0
19656180,0
19656743,11073
19657934,17764
19658779,17056
19660139,0
19661148,0
19661675,0
19661836,0
19662283,0
19662632,0
19663274,0
19665732,0
19667724,0
19668935,0
19669027,0
19669068,0
19669709,0
19670026,0
19670278,8966
19671620,10000
19671673,0
19672785,0
19673017,0
19673542,12857
19675614,0
19676533,0
19677754,5
19679017,0
19679656,0
19679719,0
19679735,0
19679991,16761
19680153,0
19680973,8000
19681611,0
19682109,0
19682135,9677
19682759,15517
19683777,10715
19683949,0
19684955,0
19684958,0
19684963,0
19685883,0
19685885,0
19685887,0
19686297,10714
19686305,0
19686394,0
19687973,8571
19688106,17010
19688447,0
19689076,0
19689467,0
19689687,0
19690274,1
19690275,6
19690654,5
19690680,1
19690788,3
19690908,0
19690914,0
19690918,0
19690930,3986
19691633,9
19691649,7
19692028,0
19692823,0
19693060,0
19693145,0
19693184,0
19693363,0
19693535,0
19693783,0
19694149,0
19695068,30000
19695809,0
19695993,0
19696933,6285
19697461,0
19697761,2177
19697789,19543
19698761,0
19698886,0
19700133,0
19700141,0
19700452,27273
19703228,0
19703344,0
19703724,0
19703745,0
19706442,0
19706800,0
19706903,0
19707055,17829
19707573,0
19707702,8000
19707779,15413
19708573,20000
19708873,0
19708948,0
19709688,0
19710053,0
19710480,7043
19713029,0
19714649,0
19714655,0
19714871,0
19715906,0
19717888,14400
19718248,7700
19719371,0
19720626,29167
19720673,0
19720692,0
19721339,0
19721694,0
19721818,0
19722729,0
19722742,16071
19722761,0
19723041,0
19723355,28383
19723386,0
19723553,0
19725528,0
19727706,0
19727737,0
19728117,14678
19728319,0
19728517,0
19728521,0
19730479,0
19733664,30000
19733756,0
19734028,0
19737922,7715
19739521,0
19739740,26129
19740094,0
19740632,0
19742475,0
19742489,0
19743060,0
19743337,0
19747211,14516
19749131,0
19749329,0
19749493,9678
19750377,10080
19750433,5536
19750683,0
19750925,19354
19751810,0
19752053,0
19752415,0
19752985,0
19753423,0
19753716,0
19753960,0
19754094,0
19754577,0
19756569,61176
19756582,0
19756664,70000
19756702,0
19757594,0
19757682,6643
19757893,0
19760932,0
19761851,0
19763422,26060
19763546,0
19764014,17345
19765091,0
19765184,0
19766511,0
19766673,0
19767004,5000
19767522,159418
19769218,45909
19769318,0
19769342,0
19770054,10071
19771029,0
19772086,12248
19772222,33965
19772986,0
19773640,20413
19773988,0
19774064,0
19774095,0
19774214,0
19774306,0
19775325,19354
19777720,64285
19777981,0
19779700,0
19779967,0
19780159,0
19780221,0
19782717,0
19782758,0
19782771,0
19785577,0
19785674,0
19785733,0
19786481,0
19786589,0
19786834,0
19787494,23516
19788668,40909
19789233,0
19790844,0
19791237,54672
19791350,0
19791581,0
19791691,0
19792509,0
19792610,0
19793216,0
19793616,18000
19794758,0
19795409,0
19795450,5429
19795515,1550
19795531,0
19795987,7714
19796241,0
19797450,0
19797726,4108
19799229,500
19799696,0
19799742,1300
19800208,0
19800468,0
19800818,18750
19801019,12857
19801898,0
19802457,0
19802916,0
19803068,5113
19803325,0
19803375,0
19803560,0
19804369,0
19804441,0
19805037,0
19805238,26820
19805492,0
19806272,0
19806424,0
19807885,15036
19807897,20000
19809075,14190
19809167,0
19812172,0
19812840,0
19812976,0
19813345,63543
19813492,40129
19813781,30928
19816765,0
19817683,0
19817728,0
19818193,0
19818417,0
19819659,0
19821845,0
19822144,0
19823624,0
19824240,14000
19824370,0
19824729,0
19825226,0
19825251,0
19826043,0
19826711,0
19829936,26539
19831076,10714
19831096,0
19831422,0
19831598,0
19831973,0
19832831,0
19832980,0
19833337,0
19835005,15000
19835940,0
19836200,0
19836552,0
19837749,0
19839169,18000
19839218,26940
19839228,0
19839322,0
19839551,0
19839638,10000
19840496,0
19842832,0
19845568,0
19847083,20000
19847495,0
19847566,17000
19847751,10000
19847819,0
19849512,0
19849770,0
19850086,0
19851679,17500
19852061,18000
19852573,0
19853005,13208
19853740,0
19855470,0
19855505,0
19856024,0
19856827,0
19857123,0
19858372,0
19859173,11700
19859707,0
19861139,4839
19861177,24645
19861311,13929
19862328,0
19863015,23529
19863048,22804
19863344,0
19863398,0
19864935,0
19865227,25568
19866006,16663
19867537,0
19868166,0
19869272,0
19871524,20000
19871672,0
19872586,0
19877470,0
19877641,0
19878952,29032
19879847,0
19880008,0
19881980,47294
19882324,0
19882542,0
19882910,0
19883710,9188
19884155,19286
19884327,0
19885070,0
19885475,10000
19886737,0
19886768,666
19886824,4285
19888345,0
19889270,0
19893826,0
19894400,0
19894529,8214
19894674,0
19895970,72701
19896002,0
19897635,16016
19898335,55325
19899756,0
19900019,0
19901167,56131
19901359,0
19902206,0
19903212,42103
19903668,0
19903808,21429
19903993,0
19904945,109227
19905226,0
19907478,14677
19907522,12685
19910372,0
19910516,24194
19914032,0
19914121,0
19914838,40000
19915595,0
19918014,18000
19922253,0
19924076,20000
19924081,0
19924091,6643
19924108,6643
19924344,6643
19924411,42465
19924593,27143
19924802,0
19925828,0
19925881,0
19926015,0
19926446,0
19926586,6857
19928513,3033
19930206,15101
19931783,0
19933363,0
19933754,0
19934288,6643
19934474,0
19934729,0
19935069,0
19935190,0
19935218,0
19938186,0
19938594,3321
19940364,37343
19940625,0
19941030,0
19941586,6643
19943105,2109
19943358,0
19943739,10000
19944156,0
19944906,0
19945723,0
19947144,0
19947209,0
19947234,6643
19948596,6643
19948675,0
19948678,0
19950382,7650
19953472,0
19953508,0
19954007,14411
19954436,0
19955344,0
19956267,0
19957138,8572
19958737,0
19958790,0
19959058,0
19959384,1493
19960127,0
19960157,0
19960503,0
19960724,0
19960761,10000
19960797,15000
19960834,0
19960876,12827
19960907,0
19961833,0
19964686,10000
19966879,0
19967571,47683
19967900,0
19968850,50000
19970664,0
19972198,6643
19972220,0
19972254,6643
19972271,6643
19972304,0
19972306,6643
19972316,0
19972406,0
19974011,444
19974073,0
19975075,0
19975283,0
19975302,6643
19975946,0
19977066,0
19977364,0
19977421,0
19977671,18182
19981119,0
19983429,3888
19983857,0
19983875,45652
19984646,0
19985962,0
19987121,13393
19989453,7500
19989487,0
19990655,5806
19990688,0
19990735,6643
19990750,0
19990800,0
19990898,10714
19990901,0
19991854,0
19994468,0
19997877,68720
19999698,0
19999783,6428
19999923,0
20000380,1300
20000601,0
20000747,0
20001124,0
20001125,6643
20001128,0
20001135,6643
20001157,10
20002297,20352
20004303,25875
20005058,8000
20005149,0
20007466,22808
20008170,0
20008556,0
20009177,12900
20011315,0
20012693,0
20013527,0
20013591,15750
20013614,0
20013630,0
20014774,0
20015796,0
20015837,0
20015951,18000
20016202,0
20018352,0
20020006,37607
20021146,0
20021926,0
20023270,0
20023934,0
20023995,20000
20025128,20000
20025877,0
20026549,0
20026589,0
20027223,0
20030775,16667
20030998,0
20032441,14550
20033466,0
20034033,0
20037623,0
20038393,0
20039838,0
20040189,0
20040560,0
20041653,0
20051188,0
20051608,0
20052149,0
20054353,0
20061805,0
20063432,0
20065973,25863
20068347,0
20068895,0
20070546,0
20073920,0
20076912,0
20082443,14516
20082667,0
20084956,0
20086284,35160
20086887,31000
20086902,0
20086904,0
20086910,36000
20086929,36000
20087551,0
20087592,0
20088183,0
20089309,0
20091189,0
20092908,29250
20094202,13000
20094844,0
20095096,0
20096216,0
20099071,0
20099460,0
20101234,0
20101498,0
20102233,40000
20103043,0
20103391,0
20103418,0
20104081,14516
20104341,0
20105690,2786
20108104,0
20109384,0
20109432,0
20110664,0
20111119,0
20111811,20857
20113263,0
20114082,0
20115582,0
20116776,86
20118089,0
20120647,20000
20121789,0
20121939,0
20123666,0
20123699,0
20124181,0
20124764,0
20126044,24193
20126890,10000
20127580,0
20127780,0
20128778,0
20129932,20006
20131511,28686
20133490,20760
20133535,0
20133726,0
20133836,9431
20134194,0
20135307,0
20135544,7143
20140445,6643
20140548,0
20140738,15000
20141866,60000
20142285,0
20142561,0
20146725,20000
20147411,0
20147692,0
20147831,2040
20148022,0
20149527,0
20149653,0
20149663,5000
20150235,0
20151177,0
20154834,0
20155074,0
20155123,0
20155331,20700
20155422,0
20155659,0
20155772,23684
20158037,20000
20159989,0
20161606,8943
20161776,56623
20161778,14516
20161952,40000
20162248,0
20163035,0
20163063,0
20166803,19497
20167617,20000
20168455,0
20169052,4243
20169891,45857
20170765,0
20171867,0
20172259,15000
20176921,10714
20178736,0
20179948,0
20180008,0
20181386,0
20185720,0
20185839,27562
20190637,0
20190787,0
20191151,0
20191616,1000
20192570,22671
20195696,0
20196200,8368
20196262,9000
20198070,3764
20198237,0
20202701,0
20203954,14516
20204029,14516
20207244,0
20208137,0
20208667,22517
20208829,0
20208852,0
20210914,0
20211830,0
20212163,3764
20213286,0
20213797,0
20214983,0
20216777,0
20217174,0
20221491,0
20223606,0
20228128,0
20229309,0
20230761,21600
20234698,21428
20235255,8572
20236874,0
20237400,113449
20237442,97993
20237900,0
20240178,0
20242374,0
20243355,17196
20245928,0
20247765,0
20248021,0
20249329,0
20251230,0
20253570,42591
20254981,0
20255789,15000
20256121,0
20256778,0
20257521,3000
20257798,0
20259568,0
20260027,0
20260108,0
20260478,12069
20261278,0
20264994,16667
20265353,0
20266632,0
20268369,97741
20268544,74189
20275465,0
20279309,14516
20279790,0
20279831,60000
20280315,0
20280595,0
20281311,0
20281576,14240
20284174,64286
20284559,0
20284585,0
20286802,0
20287802,0
20288780,0
20290104,18000
20291900,0
20296606,0
20301148,0
20304262,0
20304308,30994
20304680,10715
20306507,25000
20306509,50000
20306510,0
20307108,0
20307114,0
20307120,10112
20307763,0
20307766,0
20307768,0
20307774,0
20308231,0
20309298,0
20310245,15242
20310926,22304
20313583,0
20315305,0
20315505,0
20315877,0
20315961,0
20316685,0
20317614,0
20317803,14151
20317813,14175
20318950,0
20321025,0
20321032,0
20321171,0
20322904,0
20326600,2571
20328783,0
20329273,0
20330654,0
20330671,0
20330818,6643
20331284,29000
20332100,0
20332897,12858
20335451,0
20336817,0
20337071,0
20337074,6643
20337083,0
20338055,0
20338373,0
20338487,0
20338635,0
20340055,0
20341314,0
20341798,0
20342147,46679
20342689,0
20344835,0
20347058,0
20347105,10000
20347133,0
20347373,0
20347701,0
20347818,0
20347940,78947
20348686,25000
20350332,23429
20354829,28846
20354911,0
20355490,0
20357477,20664
20357595,0
20358780,0
20360199,0
20360881,0
20362870,37114
20364925,0
20365881,12762
20368290,37144
20369216,0
20369680,0
20371529,6923
20371878,0
20373969,0
20374042,0
20374102,0
20374124,0
20374162,0
20374279,0
20374381,4285
20374387,0
20375250,0
20375796,0
20375837,21291
20376100,16088
20376775,0
20379143,0
20379205,8572
20379255,0
20380526,6968
20380721,0
20381113,7259
20383063,0
20383082,8869
20383812,10467
20383827,0
20383894,2357
20385132,0
20386015,0
20386126,12857
20386316,0
20387052,0
20387808,0
20388037,0
20389097,30000
20389356,20000
20389543,30000
20391021,21429
20391777,0
20392794,0
20394153,0
20394927,0
20395374,0
20395576,0
20396030,0
20397826,21429
20397968,17357
20400057,0
20400498,24000
20401368,0
20401496,0
20402930,6643
20404126,15000
20405610,0
20406852,0
20408252,0
20408271,18229
20408343,0
20408366,0
20409137,0
20411477,0
20411511,0
20411536,0
20412379,5048
20412380,6643
20412382,5143
20412384,5143
20413047,6286
20413280,0
20416413,0
20416437,13236
20416536,0
20417736,0
20417883,60778
20417916,0
20419924,0
20420355,2143
20422443,0
20423153,0
20423832,17143
20424269,11539
20426000,0
20426378,0
20426949,5807
20427560,14516
20429581,0
20429723,0
20429729,0
20429935,0
20430332,0
20430671,19354
20430801,9678
20431857,0
20432881,0
20432897,0
20432961,0
20434132,0
20434529,23143
20435308,0
20435425,0
20435461,0
20435481,0
20436735,20000
20437208,0
20438086,0
20440146,0
20440253,0
20440659,2400
20440839,5807
20440866,8748
20440924,54372
20440928,0
20440989,0
20441409,0
20442564,0
20442862,10714
20443924,0
20444072,0
20445766,37375
20447410,15000
20447566,15517
20447833,0
20449489,27408
20450280,0
20451533,0
20451546,0
20451562,12883
20454010,18000
20454673,0
20454803,10345
20454850,0
20455331,0
20456851,19980
20457118,10000
20459390,7000
20460803,0
20460812,0
20466063,12500
20466588,0
20470632,0
20470858,0
20470990,0
20472475,40715
20473013,0
20473631,6643
20473635,0
20474609,0
20476173,6643
20479100,0
20479316,0
20479904,4320
20479933,30614
20480527,0
20480567,0
20483443,0
20483938,0
20484874,27778
20484965,7667
20485791,0
20487199,0
20488323,0
20489041,0
20489058,10000
20489385,10000
20489388,10000
20490665,0
20491173,0
20491240,3741
20491423,0
20492269,0
20492408,0
20492702,0
20492704,9000
20492832,1000
20493978,0
20494017,21429
20494103,15517
20494343,236726
20494591,13000
20495090,11072
20495272,0
20495287,0
20495500,0
20498505,17143
20499059,9
20499588,0
20499668,0
20500247,10000
20500364,19253
20501081,0
20501089,21257
20501248,46000
20501465,8572
20501630,25000
20502347,5000
20502445,3
20503006,0
20503535,22206
20503613,0
20504107,0
20504136,0
20504653,15357
20505401,52857
20506857,0
20506859,0
20507218,0
20507501,61131
20507818,0
20508078,21429
20508380,0
20508898,0
20508938,0
20509105,0
20509325,0
20509410,2
20509659,14516
20510058,0
20510149,13113
20511264,5115
20511284,0
20511871,51715
20512684,0
20512704,6071
20512727,10044
20512939,0
20514530,0
20515313,0
20515729,0
20515741,0
20515743,31429
20515920,0
20516826,0
20516988,0
20517207,0
20517918,16584
20518238,0
20518304,0
20518366,8571
20518824,0
20519037,20926
20519809,0
20520158,0
20520261,136540
20520264,0
20520710,0
20521116,21429
20522020,20455
20522037,0
20522328,5071
20522403,0
20524411,32000
20524599,1
20524946,0
20524969,37500
20525914,0
20525932,0
20526356,48387
20527439,0
20527704,0
20527921,14143
20527976,0
20528042,0
20528046,0
20528056,0
20528383,15714
20528507,6286
20528796,0
20530201,0
20530608,26435
20531617,0
20533054,0
20534288,0
20535883,0
20535945,0
20538533,0
20541191,0
20541192,0
20541195,0
20541196,0
20541198,0
20541199,0
20541218,0
20541237,0
20541238,0
20541914,88000
20543059,0
20543807,0
20543833,0
20544848,0
20544974,0
20545880,0
20546443,0
20546656,0
20546864,0
20546967,0
20547813,6480
20548051,0
20548174,0
20549968,0
20549974,29032
20551118,0
20551218,0
20551261,0
20551447,0
20552449,9600
20554177,10000
20554469,0
20555788,3321
20556700,0
20557117,17647
20559759,2710
20560273,37500
20560624,15000
20560992,0
20561111,0
20561866,0
20563372,0
20563432,0
20564972,0
20565713,3625
20565843,0
20565943,0
20565948,30715
20566219,0
20566364,0
20566838,0
20568460,50000
20569121,12678
20569125,0
20569134,0
20569151,0
20569677,0
20569941,0
20570427,0
20570896,0
20571186,0
20571268,0
20571869,0
20572225,0
20573936,0
20575246,0
20575484,0
20575528,0
20576673,0
20576897,0
20576901,0
20576907,0
20577449,19354
20577593,0
20577594,0
20577871,0
20577900,0
20577993,21428
20578473,0
20579097,0
20580440,10660
20581027,0
20582426,25000
20582438,0
20584111,0
20585111,0
20585135,0
20585153,31667
20586264,30000
20586866,12000
20588153,20000
20588523,0
20588939,0
20590020,0
20590373,5572
20590583,1786
20590590,0
20590832,0
20591037,0
20593740,25000
20594496,0
20594719,0
20594867,0
20595022,0
20595079,0
20596355,0
20596951,0
20599249,0
20599628,6643
20599927,0
20600194,0
20602047,0
20603994,8572
20603998,8571
20604003,0
20604016,0
20604021,0
20604044,0
20604258,0
20604264,0
20604488,0
20606791,0
20606897,0
20607969,0
20608298,0
20610157,3000
20610160,0
20610979,25862
20610989,10715
20611931,0
20612787,0
20613186,0
20613459,0
20613969,37608
20614092,5314
20615289,10000
20617713,0
20618632,23159
20619061,33334
20619255,4500
20619597,0
20619689,0
20620426,0
20620459,10714
20620475,7639
20620548,0
20620742,0
20621346,8000
20621661,1955
20621887,29678
20621946,12580
20622534,0
20622546,0
20625519,0
20625817,10000
20625913,0
20626559,8276
20626944,0
20627421,0
20627830,6643
20628643,0
20629016,0
20630893,50027
20631250,0
20633314,0
20633683,0
20634126,0
20634539,0
20634594,6429
20634985,0
20635654,0
20636063,0
20637134,18000
20637699,0
20638087,7742
20638231,0
20639246,17143
20639249,40000
20639250,16072
20640219,0
20641485,0
20642343,0
20642348,0
20642355,21667
20642551,0
20643861,36571
20644089,21428
20644354,0
20644442,0
20645402,30000
20645455,0
20646725,16071
20646859,40000
20647666,12643
20648034,30000
20648970,0
20649303,72879
20650281,0
20650427,0
20650432,0
20650641,0
20650939,0
20650977,0
20651746,0
20652213,0
20652421,10285
20652647,6428
20652916,10714
20653240,0
20654423,0
20654794,6643
20655181,0
20656963,0
20658133,0
20658394,0
20658517,0
20658889,0
20658937,6643
20658993,0
20659100,15714
20659160,33999
20659182,27273
20659249,0
20659487,0
20659609,15283
20660539,25000
20661117,0
20661651,0
20661669,0
20661695,0
20662823,5236
20662966,30000
20663177,0
20664461,0
20664599,29189
20666064,0
20666176,0
20667068,14516
20668400,0
20668433,25714
20668459,2657
20668922,0
20668923,0
20668927,0
20668955,0
20668969,0
20669317,796
20669725,0
20669729,3550
20670335,0
20671128,0
20671630,14516
20673642,0
20673643,0
20673750,0
20673902,31876
20674731,0
20675269,15323
20675923,47791
20675999,0
20676471,0
20676509,15000
20676840,0
20676944,4500
20677307,0
20677308,0
20677309,0
20677310,0
20677732,0
20677890,0
20677982,6300
20678522,6643
20679037,0
20679484,21450
20681264,3321
20681277,0
20681423,0
20681970,24514
20682542,0
20683295,31500
20683334,0
20683351,26100
20683376,0
20683643,0
20684007,0
20684680,0
20685376,0
20685470,0
20685930,0
20687561,0
20689097,0
20690286,16
20690318,0
20690319,0
20690717,33380
20691077,10000
20691523,0
20691646,0
20692366,0
20692451,12000
20693451,0
20695551,0
20695558,52632
20695570,0
20696598,5048
20696697,30000
20696908,0
20697846,0
20698397,0
20700482,0
20701240,0
20702192,0
20702750,0
20702928,0
20703562,0
20703929,0
20703963,0
20705077,10285
20705951,10097
20705987,0
20707211,15064
20708184,0
20708193,0
20709778,0
20710793,0
20710803,0
20711558,18000
20712229,0
20713164,0
20714078,0
20715392,0
20715854,0
20715940,0
20716116,0
20716197,25713
20717149,0
20717612,15000
20717752,0
20718580,0
20718693,0
20718906,18000
20718930,0
20719074,11667
20719075,0
20720083,0
20720270,0
20720364,20000
20720845,5
20722653,0
20722706,0
20722815,18227
20722942,0
20724018,0
20725516,0
20725642,0
20726744,0
20726927,0
20727159,0
20727695,11613
20728174,0
20728375,0
20728505,0
20728669,23576
20728740,0
20729696,17143
20729982,60000
20730274,0
20730624,8571
20730780,20000
20731534,0
20732301,0
20732582,10714
20732594,0
20732901,0
20733224,0
20734160,0
20734854,0
20735322,3366
20735541,10800
20735558,0
20736244,0
20736974,0
20737338,0
20738350,0
20739034,22353
20739052,13419
20739071,5
20739078,8787
20739272,0
20739551,0
20740327,15000
20740700,0
20741060,0
20741259,45000
20741364,0
20741781,0
20742086,0
20742382,0
20743312,0
20743806,8571
20744115,0
20744832,21111
20745562,1714
20745673,0
20745965,0
20746687,17815
20747139,25000
20748231,0
20749822,0
20750072,0
20750141,17143
20751151,0
20752176,1714
20752573,0
20753476,0
20753631,0
20753659,4839
20753924,0
20754228,0
20754428,0
20754842,14400
20755391,11057
20755650,0
20755805,0
20755809,0
20755817,0
20755819,0
20755820,6643
20755828,0
20756340,0
20756664,0
20757545,0
20757600,0
20757818,0
20757986,0
20758008,0
20758633,0
20758821,2000
20758940,5467
20760618,5314
20760987,0
20761039,0
20761255,0
20761759,0
20762531,42954
20762557,30517
20762891,0
20763068,0
20763174,0
20763771,7000
20764344,0
20766131,25000
20766148,0
20766232,0
20769072,0
20769142,0
20769402,0
20770305,0
20770314,6643
20770766,0
20771216,6929
20772033,24352
20772481,0
20772605,15725
20773746,9000
20773877,0
20774671,8642
20774896,0
20775146,0
20775533,0
20775601,0
20775618,18153
20775836,27817
20775926,0
20775936,0
20775941,7901
20776027,0
20776043,0
20776302,0
20776389,0
20777204,0
20777734,0
20777872,0
20778191,5314
20778357,0
20778580,0
20779312,19355
20780089,9000
20780119,0
20780433,0
20780610,0
20780926,24194
20781060,1230
20781301,0
20781309,0
20781555,3143
20781884,20000
20782115,6200
20782171,0
20782657,0
20783800,0
20784065,0
20784100,0
20784130,0
20784843,25500
20785641,0
20788962,0
20789006,0
20789344,0
20790479,0
20790959,0
20792181,0
20793356,0
20793707,0
20794701,4773
20795183,0
20797961,0
20800345,0
20801117,27778
20803729,0
20804080,0
20806064,0
20806561,2
20806597,22349
20806727,0
20806746,0
20806801,0
20806815,0
20806817,0
20806889,0
20807325,0
20808093,0
20809766,0
20809952,0
20810344,0
20811692,0
20812071,0
20812085,0
20812150,15056
20812358,0
20813181,0
20815399,0
20815420,0
20815429,0
20815786,15000
20816579,0
20816744,0
20817019,28714
20818818,0
20818892,20517
20819764,47549
20819880,12000
20820912,0
20820923,0
20820940,0
20821410,4838
20822399,25000
20825563,0
20826008,0
20826058,0
20826293,8572
20827105,0
20827256,15000
20828871,81500
20829032,0
20829189,0
20829248,9724
20829610,53572
20829884,0
20830451,0
20831532,11053
20832073,18422
20832084,17143
20832356,19444
20832529,0
20832546,47336
20832555,0
20832615,0
20832943,17419
20834059,1300
20834499,0
20835061,5000
20836422,12857
20837431,0
20837435,0
20837436,0
20837742,0
20838319,13571
20840065,30120
20841463,0
20841519,20107
20842602,36000
20842604,35000
20842896,12857
20843042,21429
20843181,7000
20843241,5000
20844072,0
20844173,0
20844187,37500
20844632,0
20844741,2593
20844933,0
20845787,0
20847300,25000
20847302,0
20847496,13000
20847719,4500
20849496,10000
20850005,0
20853678,20075
20854331,0
20854747,0
20855058,0
20855073,0
20855102,0
20855140,0
20855154,0
20855403,5357
20856615,0
20858276,0
20859556,0
20859557,0
20860393,51724
20860467,0
20860504,0
20860918,12606
20862534,0
20863076,0
20863117,0
20863381,0
20863771,0
20866473,82300
20866670,0
20866954,6643
20868160,9429
20868493,0
20869272,0
20869501,0
20869511,0
20869779,0
20871362,40316
20872044,129452
20872362,0
20872942,0
20873206,34265
20873564,0
20873839,15463
20874552,0
20875643,0
20876291,0
20877700,21428
20878567,0
20879421,0
20882831,10000
20882884,0
20883557,0
20883820,15000
20883918,0
20883931,0
20884758,0
20885573,14516
20885763,0
20885865,0
20887663,0
20888488,0
20888489,0
20888514,0
20889021,0
20889023,12493
20889025,16114
20889173,0
20889266,2285
20889476,0
20889749,0
20890074,10000
20890160,0
20890350,11538
20890402,0
20891145,8793
20891555,0
20891616,0
20891681,0
20892422,0
20893132,0
20894868,0
20895145,23671
20897115,0
20897152,12857
20898363,9343
20898454,0
20899464,0
20900020,30000
20900077,0
20900247,0
20900276,0
20900987,0
20901346,0
20901751,0
20902084,0
20902088,0
20902696,0
20903059,0
20903932,0
20904440,26088
20905512,4882
20907128,0
20907537,0
20907812,0
20908300,0
20908474,0
20909490,0
20910070,0
20910177,0
20910267,30000
20910402,0
20910630,0
20910927,0
20911344,0
20911447,1167
20912255,0
20912259,25353
20913019,0
20913208,46607
20915385,0
20916807,0
20918343,0
20918812,15000
20918977,0
20919462,0
20919746,7050
20920171,15000
20920186,0
20920315,0
20920614,0
20920995,0
20921166,0
20921434,0
20921838,0
20922192,0
20922211,0
20922573,20000
20923142,0
20923608,14857
20924192,0
20924430,22500
20924801,20000
20925570,13000
20925717,0
20926495,0
20926837,0
20927277,0
20927706,14897
20928064,0
20928176,16071
20929521,10000
20930568,0
20932092,0
20933192,18245
20933472,0
20933783,0
20934076,0
20934257,13333
20934363,23000
20934685,0
20935886,11500
20936116,44500
20937225,0
20937757,0
20938836,9678
20938888,18333
20939224,113670
20939256,0
20942692,0
20943991,0
20944305,0
20945675,0
20945922,0
20947187,0
20947285,0
20947351,0
20947616,0
20947682,0
20951085,0
20951826,0
20952273,0
20952633,25862
20952658,0
20952969,0
20953377,30668
20953590,0
20954298,14550
20954569,0
20954887,915
20957627,0
20958246,18441
20958470,0
20959275,0
20959564,0
20960058,0
20961513,0
20961547,27777
20961813,8152
20962344,0
20962754,0
20962891,0
20962943,0
20963945,0
20964509,0
20965003,0
20965148,0
20967498,191380
20967909,0
20968724,0
20968983,0
20969034,0
20970260,0
20970310,0
20970336,0
20971368,0
20971561,0
20971662,0
20971863,55000
20971878,0
20971976,0
20972713,26800
20973077,4844
20973555,0
20973617,0
20974523,55000
20975781,0
20975795,9000
20976368,0
20978703,30000
20980091,24193
20983834,0
20984083,9333
20985295,10000
20985464,12000
20985803,0
20986603,12000
20986899,15789
20987055,0
20988133,0
20988256,4286
20988835,0
20989058,0
20989652,4800
20990423,0
20990654,0
20990698,0
20990726,0
20992346,0
20992827,0
20996358,0
20996812,0
20996825,30000
20997191,0
20997686,0
20998466,0
20999179,0
21000054,0
21000509,0
21001018,0
21001036,0
21003425,4850
21004475,2143
21004486,0
21004512,0
21004962,0
21005887,0
21009223,22500
21009666,0
21009932,56491
21010784,0
21010880,30500
21011742,0
21011749,0
21012530,42643
21013015,0
21014194,27692
21014626,18599
21017414,0
21017431,0
21017640,0
21018059,25000
21018097,33202
21019767,25000
21019890,13000
21021392,0
21021974,10000
21022577,9000
21022618,0
21023490,0
21023858,0
21024269,0
21024523,0
21024961,0
21024962,0
21024963,12874
21025922,0
21026568,0
21026624,0
21026812,18182
21028233,0
21028301,0
21028456,0
21030559,0
21030610,0
21030832,20747
21031152,0
21036849,0
21036903,49186
21037452,0
21037812,0
21038955,12000
21040505,0
21042252,0
21042374,0
21042415,0
21042608,0
21042948,27778
21043269,0
21043745,6428
21043883,7200
21044589,0
21046876,0
21047499,9706
21048797,0
21049511,0
21049567,0
21050481,0
21050657,5000
21050991,17142
21052197,12840
21052820,0
21052827,27357
21053060,19285
21053257,32950
21054067,0
21054122,10000
21054417,0
21054580,0
21054657,24000
21054935,11786
21055267,0
21056557,0
21057844,10434
21058077,5916
21059329,34219
21060229,17147
21060950,0
21061601,0
21062126,0
21062651,9678
21063373,29073
21064013,16071
21064124,0
21064972,0
21066025,0
21067189,0
21067369,0
21067482,0
21067781,0
21067799,0
21067807,0
21067810,12900
21067814,0
21068188,0
21069626,48843
21070872,0
21071238,0
21071560,0
21073530,9536
21073673,14516
21074252,0
21074271,0
21074290,0
21074624,0
21074703,0
21075318,6200
21075594,12800
21075595,0
21075980,23600
21077586,0
21079929,10313
21080347,7128
21082806,0
21083132,0
21083703,0
21083728,0
21083741,0
21083898,0
21084926,6000
21086707,8859
21087051,0
21087315,52830
21087318,0
21087330,40002
21087336,66668
21088869,1057
21088899,0
21089062,23143
21089346,23792
21089486,20000
21090846,0
21090936,8720
21091571,0
21091695,0
21091764,0
21092848,0
21093394,26786
21094401,0
21097020,10500
21098182,0
21098309,0
21098923,6642
21100772,23077
21101611,0
21102432,0
21102529,36590
21103758,9677
21104356,3300
21104553,0
21104617,0
21104665,6000
21104701,0
21107225,0
21107774,0
21108317,7716
21108870,0
21108944,9678
21109368,16338
21110869,0
21112118,0
21112836,27408
21113794,0
21116004,0
21116477,41740
21116832,0
21117586,0
21118251,0
21118725,0
21119558,0
21120461,0
21120538,57200
21120648,0
21120866,0
21122152,11613
21124362,10000
21126907,0
21127404,0
21128023,15043
21128218,0
21129723,0
21130509,0
21131166,9450
21131451,0
21131816,0
21132844,14516
21133753,0
21133888,2429
21134647,0
21134780,27778
21134808,0
21134851,0
21135561,0
21137318,0
21138037,0
21138121,1550
21138578,0
21140020,0
21142847,0
21143893,16002
21144583,30000
21144772,0
21144837,20000
21144851,0
21144884,0
21146001,0
21146053,0
21147536,2500
21148377,11613
21148454,7357
21148608,0
21148752,0
21148775,0
21148957,0
21151158,0
21151347,0
21153876,6643
21155320,0
21155355,0
21155427,0
21155737,0
21155938,0
21156971,0
21159012,0
21159380,0
21159435,0
21159443,0
21160754,21808
21161619,25000
21162704,0
21163365,0
21163599,16097
21165485,0
21165884,0
21166828,0
21168191,0
21168474,0
21168905,14516
21168953,0
21170590,10500
21170905,18182
21171015,0
21172284,25700
21172292,0
21172966,0
21173195,0
21173251,0
21174658,0
21174699,26087
21174919,0
21175064,9286
21175593,20690
21175651,0
21176027,0
21176368,0
21176477,0
21176661,0
21178028,17308
21178258,4285
21178834,0
21180650,13696
21180654,3
21180745,0
21180848,0
21180916,0
21182002,19608
21183633,0
21184318,53003
21184989,0
21185399,10200
21185876,13768
21186613,0
21187528,6428
21188772,0
21188933,0
21189171,0
21189528,6857
21190225,0
21190593,13787
21190674,0
21192174,0
21193677,25000
21194587,6643
21194591,6643
21194593,0
21195007,12857
21195397,0
21196152,0
21196657,6643
21196734,0
21198750,0
21198766,0
21200988,13393
21201551,14250
21203019,0
21203156,20000
21204186,17307
21205888,0
21206676,0
21207563,2571
21208625,5142
21208996,11613
21209367,0
21209434,69857
21209767,23684
21212353,0
21213683,0
21214405,0
21214678,0
21214854,6428
21215486,0
21215488,25000
21215558,28846
21216474,0
21217870,71
21218358,0
21219203,9257
21219329,0
21219459,0
21219913,11111
21220316,0
21220470,18622
21225216,0
21225472,0
21229650,0
21231869,0
21231972,0
21232147,12632
21232372,500
21235152,0
21235712,0
21235898,0
21235915,0
21235917,0
21236590,0
21237117,0
21237208,0
21237644,0
21238042,8000
21238123,1
21238154,0
21238288,0
21238295,0
21238543,5600
21239435,0
21240859,0
21240963,0
21240980,6732
21241533,0
21243643,0
21244669,7205
21244738,15000
21244880,0
21244912,36000
21244965,0
21246124,0
21246705,0
21247706,0
21248926,0
21250057,10000
21250058,10000
21250931,0
21250979,24706
21251200,0
21251360,0
21251603,7273
21251773,5357
21252312,0
21252710,26153
21252920,0
21252929,25714
21253377,0
21253789,0
21256334,0
21256368,20723
21257180,2143
21257214,2786
21259826,5000
21260177,15000
21260219,0
21260254,0
21260756,7143
21261417,0
21261798,0
21262086,10000
21262370,0
21263001,44167
21263163,8177
21263792,12214
21265264,0
21266032,0
21268895,0
21268904,3762
21269598,35000
21269601,5357
21269603,5357
21269614,0
21271256,0
21271288,21429
21273605,15000
21274124,0
21274125,0
21274380,0
21274871,0
21275651,0
21275849,18182
21276467,0
21278806,0
21280124,0
21280205,0
21280306,5000
21280633,0
21281015,0
21281449,45107
21282649,6857
21282771,0
21282805,0
21282907,4838
21283171,5357
21283812,20000
21284562,22222
21284767,15000
21285115,0
21286065,0
21287189,0
21288205,10714
21288490,15352
21290442,6429
21291852,0
21292182,0
21292262,25000
21292272,0
21292957,0
21294177,0
21295475,12857
21296262,38709
21296296,21429
21296347,0
21296986,11571
21299144,6000
21299886,0
21300140,0
21300424,19000
21303233,6643
21304151,0
21304853,0
21304957,0
21305338,0
21306365,1800
21306473,7028
21306893,0
21307054,5000
21307290,20000
21308094,0
21308492,28125
21308950,0
21309801,6643
21310430,34091
21311202,41250
21311206,20300
21311913,0
21314110,0
21314775,15000
21314792,0
21315839,0
21315941,0
21316580,0
21316902,0
21317805,16667
21318066,0
21318556,0
21318685,0
21320871,0
21321528,0
21321530,0
21321639,0
21322139,0
21323268,0
21323376,0
21323482,0
21323496,0
21323570,0
21323679,0
21324202,32825
21325333,6643
21326818,0
21327165,70910
21327230,21429
21328612,0
21328740,0
21328825,0
21329738,6643
21329785,0
21329803,6643
21329809,0
21330128,20000
21330255,6643
21331791,13000
21332170,0
21334198,0
21336982,8571
21338944,0
21339009,0
21340788,29025
21341672,12500
21341935,0
21342048,0
21342158,15000
21342593,0
21342619,0
21342660,0
21343493,0
21343586,0
21343660,0
21344662,0
21344694,28177
21347024,25000
21347044,15000
21347067,0
21347071,15000
21347624,0
21347649,0
21348769,24445
21350662,0
21351349,12414
21351495,17308
21351806,0
21352039,0
21352257,21990
21352361,0
21353320,1936
21353330,0
21353435,0
21353495,6643
21353587,0
21353656,54936
21353709,0
21354384,0
21355058,0
21356852,0
21356864,0
21356896,0
21357165,14182
21357260,429
21357347,0
21359116,16667
21361143,0
21361534,0
21363100,0
21363362,0
21364463,14516
21365173,0
21365234,0
21365287,0
21365468,18000
21365849,0
21367656,7241
21367751,0
21368269,0
21368459,2142
21368464,2142
21369866,17129
21370736,0
21370849,0
21372503,0
21372618,0
21373463,0
21373644,0
21374902,0
21375183,18119
21375228,6500
21375843,0
21376804,0
21377357,0
21377376,1500
21377487,14182
21377671,5000
21377833,0
21377848,0
21378352,0
21378363,16071
21378780,48850
21378889,25000
21379174,0
21379527,0
21379528,0
21380104,0
21381683,0
21381694,0
21381961,484
21382924,12500
21383519,0
21383718,0
21383740,0
21384041,0
21385594,16000
21385714,0
21386900,0
21386955,101666
21387371,15043
21387555,0
21387684,0
21389363,0
21389751,0
21390515,0
21391066,15517
21391089,0
21391443,0
21392126,0
21393121,11250
21393128,0
21395414,10825
21395638,0
21396048,0
21396227,6000
21398038,15000
21403479,0
21410347,0
21410788,0
21410903,0
21412185,9000
21412611,0
21412659,0
21414974,3526
21415457,0
21415799,0
21417209,0
21418453,0
21418827,0
21419496,0
21419515,0
21421009,19355
21423585,0
21423707,16071
21424211,0
21424273,0
21424885,5357
21424886,0
21425131,13637
21426038,0
21426195,0
21427870,8000
21428132,5000
21428734,4000
21428934,0
21428993,47343
21429317,0
21429377,3321
21430229,0
21431624,0
21432886,0
21433459,0
21435031,12857
21437096,15000
21437591,0
21438467,13000
21439874,0
21441396,0
21441466,0
21441716,0
21441771,40000
21444501,10000
21447201,11505
21447594,0
21447809,0
21448270,0
21449342,5000
21449833,0
21450502,0
21452016,0
21453343,18182
21453726,0
21455779,0
21456319,3000
21456889,0
21457289,0
21458599,23419
21459283,42040
21459462,3000
21461536,20400
21461654,0
21461676,0
21461958,0
21462733,0
21465521,0
21465730,0
21466327,19223
21466450,6643
21466497,9786
21466963,0
21467091,0
21467851,0
21468087,0
21469357,10714
21470167,36207
21470772,8217
21471652,0
21473135,0
21473689,22500
21474160,20413
21474467,40002
21474688,20690
21475628,0
21475664,4839
21475873,0
21476766,35000
21477562,0
21477626,12430
21478344,6643
21478395,38709
21478884,885
21479452,0
21479926,0
21481039,14400
21481060,0
21481127,29250
21481151,26000
21481639,7854
21481811,38100
21482552,0
21484884,12321
21484897,8571
21485209,13000
21486140,20000
21486221,24000
21486404,0
21486482,0
21486892,0
21486981,0
21487140,0
21487453,0
21487477,30000
21488242,4286
21488880,10532
21489261,0
21489458,0
21490481,0
21490952,0
21492022,7000
21492782,0
21493046,11571
21493584,0
21494581,29032
21497128,0
21497628,0
21498490,0
21499979,0
21500771,16875
21500886,0
21501578,0
21501962,0
21502300,6643
21503586,13284
21504898,21428
21505952,20000
21508119,16000
21508604,10000
21511576,0
21514159,26216
21515984,0
21516047,0
21516143,0
21516467,0
21518284,0
21520783,0
21520797,0
21521209,0
21521854,37679
21522088,0
21522097,0
21524212,10757
21524661,10000
21525014,4421
21525026,0
21525053,0
21525217,0
21525446,0
21525747,12000
21526024,0
21526206,9571
21528247,0
21528767,0
21529340,0
21529798,2143
21534268,0
21534299,10714
21537312,0
21537868,0
21539319,17230
21539537,0
21540822,23821
21541676,0
21542467,15643
21542728,26344
21542914,57714
21542993,0
21544619,0
21546133,0
21546590,0
21548433,0
21549249,10751
21549553,0
21549916,0
21550008,0
21550267,26603
21550720,4285
21551243,0
21551512,12430
21553330,0
21553959,14500
21554144,23200
21555218,16667
21555415,0
21556474,0
21557307,0
21559316,0
21560603,16857
21561101,20455
21561518,6000
21561585,0
21561768,2000
21562106,0
21562256,0
21562305,4300
21565054,0
21565158,5580
21565227,12004
21565761,12069
21567764,0
21567935,2800
21568337,8572
21568803,0
21569744,15000
21569892,0
21572541,0
21573040,19415
21573339,0
21574242,0
21574672,0
21575337,0
21575386,14286
21575720,0
21576788,7202
21577449,71834
21578242,0
21578451,0
21579656,14210
21579949,0
21580576,0
21580742,0
21581185,0
21581994,0
21582460,0
21583359,0
21584223,0
21584340,0
21584774,0
21585418,667
21586714,7350
21588702,0
21589377,0
21589401,0
21589476,5000
21589712,0
21589752,0
21589768,0
21589912,0
21590531,0
21591730,0
21591798,0
21593864,0
21593972,10357
21594412,0
21594857,24408
21596201,0
21596538,0
21597279,15000
21599885,0
21600052,10000
21600842,10848
21601071,0
21601280,3194
21603608,0
21603748,0
21604040,0
21604222,4286
21604746,0
21605178,15500
21605272,0
21606088,0
21606791,36
21606837,311
21607662,0
21608172,0
21609022,14516
21609439,0
21611369,17308
21612614,0
21613535,6696
21613837,0
21614274,23141
21614507,0
21614955,12078
21616344,0
21616703,19161
21617023,6643
21618564,0
21618802,32357
21620911,13126
21622074,13263
21622299,0
21625031,20000
21625565,19573
21625618,20884
21627036,17309
21627886,14516
21627890,0
21628095,20690
21628445,7715
21628604,0
21629633,857
21629959,6643
21630904,16667
21630945,0
21631713,4207
21632825,21111
21634713,0
21635164,29214
21635916,57000
21635933,0
21636619,0
21637213,0
21637414,0
21637421,4000
21638947,0
21639039,0
21640644,8572
21641079,0
21641236,3126
21641802,0
21642098,6643
21642235,0
21643257,0
21644607,0
21645259,0
21645616,11691
21645817,60055
21646854,9932
21646875,0
21647879,0
21648443,2229
21648490,47143
21649002,0
21651037,0
21651387,54690
21651882,0
21652087,19773
21652371,25478
21654040,20769
21654216,14286
21654453,0
21654630,0
21656492,23071
21657480,1000
21657727,1074
21659674,5000
21659815,6643
21660084,14500
21660085,6500
21661654,6643
21662250,0
21662319,0
21663070,19200
21663489,0
21664024,192282
21664041,184451
21664063,144289
21664078,123631
21667160,0
21667561,0
21667981,0
21670193,0
21670200,44704
21670414,54349
21670590,0
21670782,8570
21671842,36000
21672066,1583
21672595,0
21673456,0
21673713,0
21674530,43728
21674922,0
21676386,0
21676413,21112
21676420,0
21676450,0
21676888,0
21677685,42857
21678021,0
21678249,20060
21680050,0
21681080,22222
21681102,30420
21682126,6643
21682409,16364
21682431,0
21684825,19286
21684969,8572
21685207,27943
21685430,6376
21685839,0
21686967,6780
21688578,0
21689591,0
21689701,0
21689995,0
21690137,11813
21690289,0
21690931,0
21691635,0
21691908,0
21693099,0
21693576,0
21693585,14194
21695954,0
21696397,45000
21696537,0
21698854,0
21699366,0
21699553,25000
21703942,0
21703987,12856
21704375,0
21704553,10000
21704765,0
21705354,27778
21705880,0
21706561,17229
21706855,11069
21707133,0
21707474,0
21707517,51191
21707672,0
21707840,15000
21708532,4600
21710656,0
21712881,0
21713342,0
21714189,0
21714437,0
21714895,0
21715186,0
21715843,0
21716051,33334
21719912,0
21720641,0
21721383,96201
21722091,0
21723774,0
21723932,0
21723975,429
21724024,0
21724036,0
21724476,15000
21724824,0
21725777,20000
21725944,0
21726777,4286
21728122,4650
21730260,0
21730867,0
21730875,28500
21731054,9857
21731314,4961
21731637,0
21731754,4839
21732329,0
21732470,50000
21733149,0
21733152,6643
21734464,0
21736016,11538
21736786,15500
21736818,12857
21738364,0
21738598,19355
21738725,10000
21740725,0
21740763,0
21740918,0
21742070,0
21742601,15318
21742610,0
21742758,0
21743364,0
21743376,0
21746131,20643
21748444,0
21749515,0
21751701,0
21751808,14400
21751898,0
21756020,0
21756143,2142
21757889,0
21759032,0
21759397,25000
21760027,0
21760148,0
21760376,0
21760468,0
21760514,0
21760553,0
21761115,0
21761557,2142
21762195,19355
21762726,0
21762935,0
21763354,0
21763789,0
21764188,0
21765061,10000
21766017,0
21766271,0
21766640,48872
21766705,0
21766746,15123
21766828,0
21766888,12144
21768701,0
21769186,0
21769208,0
21769319,12857
21769609,6642
21769907,0
21770712,0
21770950,0
21772507,0
21773134,0
21775797,10000
21775860,0
21779157,0
21779196,2667
21780467,0
21782134,15600
21783970,325
21784212,30564
21784529,10714
21784987,0
21784994,0
21785271,0
21785600,0
21786575,10328
21786928,10930
21789255,0
21790554,45429
21790718,20000
21791416,0
21793032,0
21793623,0
21794426,0
21797800,0
21800660,2143
21800808,0
21802404,2142
21802504,0
21802573,0
21803885,0
21805344,0
21805346,0
21805701,0
21805717,0
21805878,0
21805945,11866
21806450,40000
21806626,7022
21807437,2143
21808559,0
21809263,0
21809606,0
21810833,0
21811112,13936
21814254,42857
21814377,0
21817156,2143
21817230,0
21818564,2571
21820130,0
21820530,0
21821748,2143
21821947,1700
21822089,0
21822141,0
21822443,0
21823583,5314
21824558,0
21825044,20000
21825311,0
21825895,886
21826272,0
21826775,12500
21826840,0
21827999,2143
21828688,0
21829195,21429
21830726,6429
21831529,12857
21832080,40000
21832542,10867
21832742,0
21833916,0
21834018,0
21834290,0
21835839,12086
21835847,10086
21836720,18646
21836794,31196
21836932,53571
21837495,0
21837498,48214
21838208,34839
21838854,0
21839013,0
21839140,0
21839744,0
21841410,4500
21841585,0
21841658,20000
21841895,9000
21842220,7510
21842619,19808
21843327,0
21843569,0
21844342,0
21846904,8000
21849267,0
21849644,0
21850445,0
21851023,0
21851364,0
21851510,12295
21852111,11839
21852215,0
21853164,21765
21855278,0
21856335,18182
21856739,0
21858505,24193
21858635,6500
21858905,33898
21859675,0
21860249,0
21860695,0
21861006,6643
21861737,12285
21863378,7286
21863817,0
21864256,0
21864269,57692
21864545,0
21865006,0
21865096,0
21866140,0
21866637,0
21866775,23077
21867899,13846
21868150,16000
21868471,0
21868905,0
21870055,0
21870882,0
21872739,0
21873666,0
21875855,0
21876499,0
21876788,3704
21876835,1286
21877138,0
21877205,0
21877907,19613
21878050,0
21878067,0
21878623,0
21879356,0
21879528,0
21879605,10714
21879614,0
21880352,0
21881594,0
21882195,0
21886073,5807
21886470,8550
21887001,3543
21887897,0
21888008,1686
21888063,2143
21888664,2142
21888779,0
21888911,0
21888945,0
21889866,0
21890098,0
21890434,16071
21890657,0
21892115,7000
21893430,20517
21893808,60000
21894435,0
21894845,0
21897089,0
21898745,15517
21899035,25065
21899402,0
21900985,11374
21901551,2685
21901621,0
21902091,4071
21902530,0
21903264,6429
21903654,24642
21904021,0
21905974,9575
21907441,0
21908598,0
21908847,8721
21909021,10628
21909107,0
21912450,9000
21912503,0
21913477,10000
21913925,6643
21916765,0
21916833,10000
21916866,0
21917320,0
21918180,0
21918405,0
21919325,10143
21919338,6643
21920279,0
21921678,101863
21921820,2350
21923030,0
21923118,5000
21924155,0
21925116,0
21925200,0
21925227,8571
21925962,0
21926460,0
21926575,0
21928294,10179
21928322,0
21928489,10000
21928669,0
21929053,0
21929206,0
21929333,0
21929399,0
21929865,0
21930417,0
21930733,30000
21931131,15000
21932008,12857
21932582,0
21932667,0
21932740,12500
21933481,3000
21935166,0
21935684,35008
21935696,1605
21935718,1030
21938261,0
21938273,38556
21940184,0
21940319,6000
21941695,786
21942220,0
21942316,0
21943028,0
21943246,0
21944398,27519
21945237,4286
21946940,0
21947214,15000
21947958,0
21948545,0
21949057,0
21949322,0
21949523,64253
21950978,35077
21951044,0
21951414,19839
21951468,0
21951891,30000
21952001,12375
21952111,0
21952593,0
21953361,0
21955070,0
21955529,41962
21956063,0
21956341,0
21956531,0
21956533,13929
21956685,16875
21956974,0
21958542,0
21960062,0
21960309,6643
21962479,1500
21962645,16071
21962708,0
21962723,0
21962844,0
21963083,0
21963755,4300
21964840,19500
21966944,15187
21966972,0
21967439,0
21967497,23077
21967552,0
21968219,17342
21968432,0
21968470,0
21968638,6643
21968902,0
21969342,171
21969684,89370
21970288,41091
21970721,22863
21970888,0
21970917,6801
21971279,0
21971737,2269
21971804,7500
21972660,3333
21972674,0
21972965,0
21972973,0
21973099,0
21973112,0
21973175,0
21973205,0
21973994,0
21974424,11613
21975195,0
21975881,8571
21976070,0
21976490,0
21979989,27272
21980151,0
21980165,0
21980592,3086
21980836,0
21980871,0
21981608,0
21981668,30000
21982438,15000
21983579,7714
21984347,0
21984350,0
21985302,12858
21985675,0
21986125,0
21986188,0
21986382,0
21987756,0
21988245,12858
21989470,0
21990344,0
21991307,0
21992038,0
21992137,52143
21993463,13286
21994192,0
21994346,8718
21995202,0
21995875,0
21995999,0
21996028,0
21996773,14800
21996888,4300
21998016,264
21999039,0
21999440,27693
21999861,0
22000708,0
22001129,15000
22001529,0
22002901,0
22003429,24817
22003727,0
22004038,0
22004808,26471
22006260,0
22006553,0
22007494,0
22007564,0
22008359,0
22008400,0
22008418,3231
22008487,0
22008788,195
22009360,1093
22009402,15000
22009632,0
22012099,11000
22012210,0
22012486,0
22012852,0
22012854,0
22012855,0
22014496,25714
22015893,21700
22016038,0
22016350,0
22016488,0
22017112,0
22017139,6441
22017432,13886
22017455,0
22017549,0
22018687,4839
22018739,15153
22018840,3360
22019178,23572
22019409,0
22019451,8571
22020499,0
22020613,6643
22021605,39130
22022354,0
22022422,0
22023215,9904
22024278,0
22026354,0
22027069,0
22027126,0
22027960,417
22028490,0
22029331,6522
22029765,49355
22029803,29355
22030185,32519
22030507,0
22030897,29032
22031056,24194
22031236,17307
22031517,14516
22031709,0
22031960,8572
22032722,0
22032823,61886
22032829,2000
22033012,8572
22033251,0
22034438,26088
22035732,0
22035748,0
22035785,0
22035912,6643
22036849,0
22037565,0
22037898,0
22037968,0
22038000,30000
22038571,0
22038765,9600
22039592,6749
22039651,0
22039909,0
22040537,0
22042238,0
22042608,18493
22042693,26000
22043046,12381
22043801,0
22045253,0
22045473,5000
22045503,10588
22045636,4125
22045714,0
22045899,9722
22047324,0
22047539,0
22047897,13637
22047953,25000
22049780,18620
22052906,30136
22053061,4839
22056039,6643
22056307,0
22056523,0
22056528,12000
22056911,0
22056994,0
22058566,0
22058969,5314
22061416,0
22062277,0
22062590,0
22062902,0
22062925,7707
22063860,0
22064251,0
22065760,0
22065815,0
22066232,0
22067575,33013
22068707,9000
22069543,10385
22069630,1322
22069763,0
22072031,30924
22072782,0
22073810,0
22076073,0
22079119,0
22081694,20000
22082145,14642
22082957,0
22083249,25000
22083616,21154
22084262,791
22086073,0
22088260,6643
22088608,10072
22088800,22536
22088815,0
22089918,11000
22090298,0
22090469,0
22091548,0
22091651,21627
22092084,10000
22092906,0
22094506,261
22095722,0
22095963,50000
22095991,0
22096101,6643
22097944,0
22098204,6157
22098266,51724
22098334,20000
22099245,0
22100178,21429
22101640,18000
22102673,28126
22104541,0
22104611,52941
22105007,11792
22105065,0
22105222,7667
22105371,0
22106419,0
22107753,32143
22108070,0
22108137,500
22108193,0
22108242,41379
22108306,2898
22108773,0
22109992,0
22111228,6643
22111737,0
22112329,0
22112791,19762
22114138,0
22114664,30000
22114691,0
22115237,0
22115273,0
22115958,3029
22117304,21261
22117607,23679
22118275,0
22119183,0
22120099,1714
22120557,0
22121743,0
22122304,0
22124192,29296
22125225,10000
22125832,5750
22126602,6910
22127083,30000
22128039,5000
22128777,0
22131132,0
22131553,30000
22131690,0
22132044,0
22133085,0
22134355,0
22134483,8291
22134840,0
22136224,0
22137066,0
22137611,12857
22138088,32143
22138839,29888
22139017,13846
22141821,0
22143937,12429
22145001,0
22145099,10000
22145449,1071
22145483,20455
22145851,9643
22146906,0
22147104,8571
22147867,1929
22148627,18000
22149192,0
22149787,0
22151709,0
22153225,30000
22153336,30000
22153855,15000
22154103,6643
22154320,18100
22154453,21000
22154950,34444
22155059,0
22155200,14514
22157996,0
22159009,13043
22159468,48064
22159748,32148
22160474,67601
22161857,0
22162737,1961
22163057,20000
22164175,31779
22165158,20455
22165551,0
22166849,115214
22168130,5626
22169070,0
22169229,10000
22169819,160248
22170507,8572
22170510,15000
22170559,22500
22171517,9677
22178189,4429
22178960,0
22179381,24828
22180316,0
22180345,31643
22181359,6643
22181646,0
22182141,6643
22182580,10909
22182969,0
22183406,2879
22183723,5626
22183775,5626
22187904,30000
22188542,1286
22189596,0
22189726,15677
22191593,0
22191641,0
22191874,0
22193783,4606
22194774,5979
22195032,15000
22196575,0
22196618,0
22198314,12078
22198944,9653
22199670,0
22200104,18000
22200208,0
22200227,21000
22200272,15525
22202497,0
22205022,0
22207735,23214
22208462,22404
22208811,0
22209163,0
22210141,4654
22212599,9700
22213026,0
22215724,443
22215855,0
22215873,0
22216520,0
22216893,0
22217135,0
22217267,0
22217789,19355
22217883,0
22222403,1885
22224761,10082
22225329,4286
22227120,0
22227638,0
22228580,18450
22231522,77185
22236688,0
22236720,0
22237461,12000
22241450,4285
22241824,40000
22242672,14609
22242990,17862
22247535,12229
22249341,0
22249414,0
22262271,0
22265671,0
22273124,8571
22274183,6428
22277457,0
22283419,0
22283486,12000
22289984,17000
6503005,0
6503018,0
6503056,17160
6503059,0
6503060,0
6503066,0
6503074,28899
6503080,13764
6503090,0
6503112,0
6503137,0
6503141,0
6503149,0
6503178,0
6503195,15214
6503208,0
6503221,5000
6503225,3576
6503262,0
6503266,0
6503282,0
6503284,0
6503289,0
6503306,0
6503311,16000
6503316,15062
6503346,34200
6503368,0
6503377,0
6503381,20000
6503392,0
6503402,0
6503412,0
6503415,16667
6503424,0
6503454,0
6503474,0
6503475,0
6503490,77457
6503522,46474
6503538,30841
6503556,10000
6503587,31291
6503598,0
6503601,0
6503604,0
6503653,44880
6503663,9111
6503696,0
6503839,0
6503864,45652
6503888,0
6503929,0
6503963,0
6503966,0
6503981,25846
6504002,0
6504006,0
6504019,30000
6504020,0
6504028,0
6504040,0
6504132,0
6504163,0
6504190,91092
6504201,0
6504208,0
6504309,18976
6504326,20667
6504363,0
6504369,0
6504409,0
6504429,0
6504433,20000
6504440,0
6504459,0
6504489,0
6504510,0
6504511,0
6504516,20413
6504610,0
6504626,0
6504652,0
6504660,0
6504661,0
6504713,0
6504714,0
6504736,0
6504757,0
6504767,0
6504768,0
6504775,0
6504780,0
6504798,10819
6504820,0
6504827,0
6504849,0
6504858,39332
6504870,15043
6504944,0
6504982,0
6504991,0
6505010,71248
6505038,27968
6505068,12500
6505070,0
6505078,0
6505082,0
6505117,0
6505123,0
6505173,0
6505182,0
6505188,24686
6505194,0
6505197,19699
6505255,0
6505268,0
6505280,0
6505285,0
6505286,0
6505287,0
6505301,0
6505318,0
6505323,0
6505324,0
6505325,0
6505334,8112
6505341,0
6505346,0
6505365,0
6505366,0
6505404,0
6505428,17197
6505445,0
6505464,46217
6505580,19355
6505590,64286
6505605,27000
6505648,15209
6505651,0
6505655,0
6505660,0
6505673,34224
6505794,14500
6505805,10286
6505809,664
6505812,0
6505815,24000
6505816,0
6505828,3614
6505876,12651
6505894,0
6505992,25000
6506001,0
6506018,0
6506019,0
6506061,15000
6506105,0
6506109,27954
6506132,0
6506151,0
6506153,0
6506179,20000
6506233,0
6506247,0
6506273,0
6506314,0
6506315,0
6506335,0
6506336,0
6506350,53526
6506364,0
6506366,20000
6506397,0
6506398,10000
6506419,7528
6506423,16731
6506464,42000
6506473,0
6506479,0
6506503,0
6506578,17820
6506614,0
6506622,0
6506635,0
6506664,7742
6506677,0
6506700,0
6506710,0
6506727,0
6506730,23143
6506773,0
6506798,0
6506818,0
6506839,0
6506851,0
6506868,0
6506882,0
6506884,0
6506917,0
6506925,0
6506930,0
6506962,0
6506988,0
6506996,0
6507000,19031
6507015,0
6507022,0
6507063,0
6507087,0
6507089,0
6507095,11878
6507117,0
6507121,12432
6507122,25000
6507125,0
6507130,0
6507132,31890
6507189,30893
6507196,28300
6507199,11057
6507306,0
6507310,0
6507315,16451
6507325,0
6507355,0
6507392,0
6507412,2550
6507414,0
6507442,17637
6507448,20345
6507465,23438
6507479,12472
6507480,0
6507486,0
6507496,0
6507497,0
6507503,0
6507526,0
6507532,0
6507533,78366
6507582,26000
6507612,0
6507617,0
6507649,0
6507656,0
6507665,0
6507672,0
6507691,0
6507699,0
6507731,24336
6507759,0
6507762,0
6507769,0
6507770,10316
6507772,26087
6507781,0
6507798,14490
6507835,0
6507838,0
6507865,0
6507886,41023
6507898,0
6507962,0
6507967,11025
6507972,31275
6508000,0
6508002,39335
6508077,0
6508093,0
6508099,15580
6508100,0
6508126,17221
6508134,0
6508195,17586
6508221,0
6508223,15000
6508241,17308
6508284,0
6508320,0
6508325,0
6508370,18000
6508395,14292
6508401,72386
